1 0.06971153846153846 0.7572115384615384 0.052884615384615384 0.10336538461538461
1 0.15985576923076922 0.6622596153846154 0.046875 0.07692307692307693
1 0.3125 0.6706730769230769 0.030048076923076924 0.09495192307692307
1 0.3425480769230769 0.6610576923076923 0.030048076923076924 0.09375
1 0.5793269230769231 0.7103365384615384 0.039663461538461536 0.109375
1 0.7463942307692307 0.5324519230769231 0.08413461538461539 0.12860576923076922
1 0.6634615384615384 0.5324519230769231 0.04567307692307692 0.10216346153846154
1 0.47596153846153844 0.44471153846153844 0.05048076923076923 0.09014423076923077
1 0.328125 0.48197115384615385 0.05048076923076923 0.10697115384615384
1 0.19110576923076922 0.47475961538461536 0.037259615384615384 0.09615384615384616
1 0.27884615384615385 0.4651442307692308 0.042067307692307696 0.10336538461538461
1 0.12620192307692307 0.19471153846153846 0.026442307692307692 0.078125
1 0.15264423076923078 0.28125 0.04927884615384615 0.08173076923076923
1 0.265625 0.18389423076923078 0.09735576923076923 0.08173076923076923
1 0.4074519230769231 0.14783653846153846 0.04326923076923077 0.07091346153846154
1 0.421875 0.18629807692307693 0.037259615384615384 0.08533653846153846
1 0.5564903846153846 0.22235576923076922 0.04807692307692308 0.09134615384615384
1 0.5913461538461539 0.1141826923076923 0.056490384615384616 0.07692307692307693
1 0.671875 0.21754807692307693 0.04447115384615385 0.09014423076923077
1 0.6322115384615384 0.22596153846153846 0.036057692307692304 0.09134615384615384
1 0.7379807692307693 0.24759615384615385 0.03125 0.09615384615384616
1 0.78125 0.14302884615384615 0.054086538461538464 0.08413461538461539
1 0.8581730769230769 0.11658653846153846 0.04447115384615385 0.0673076923076923
1 0.9543269230769231 0.16826923076923078 0.04326923076923077 0.06971153846153846
1 0.8305288461538461 0.5180288461538461 0.03365384615384615 0.12379807692307693
1 0.7800480769230769 0.27403846153846156 0.036057692307692304 0.09014423076923077
1 0.28365384615384615 0.16105769230769232 0.001201923076923077 0.009615384615384616