3 0.28125 0.09975961538461539 0.027644230769230768 0.04447115384615385
3 0.7451923076923077 0.03125 0.02403846153846154 0.036057692307692304
3 0.8149038461538461 0.4098557692307692 0.021634615384615384 0.03245192307692308
3 0.5709134615384616 0.2848557692307692 0.021634615384615384 0.03485576923076923
3 0.5060096153846154 0.3004807692307692 0.02283653846153846 0.038461538461538464
3 0.43509615384615385 0.37259615384615385 0.026442307692307692 0.037259615384615384
3 0.3557692307692308 0.36778846153846156 0.028846153846153848 0.038461538461538464
3 0.16826923076923078 0.4098557692307692 0.020432692307692308 0.038461538461538464
3 0.29927884615384615 0.5721153846153846 0.021634615384615384 0.027644230769230768
3 0.42908653846153844 0.47115384615384615 0.02403846153846154 0.036057692307692304
3 0.5240384615384616 0.4831730769230769 0.025240384615384616 0.03365384615384615
3 0.47115384615384615 0.4411057692307692 0.026442307692307692 0.03245192307692308
3 0.6117788461538461 0.46875 0.025240384615384616 0.037259615384615384
3 0.5757211538461539 0.4951923076923077 0.021634615384615384 0.037259615384615384
3 0.5540865384615384 0.4338942307692308 0.025240384615384616 0.039663461538461536